[0, 24, 31, 30, 28, 42, 44, 6, 40, 36, 43, 12, 46, 18]
[15, 24, 45, 42, 17, 18, 36, 8, 6, 0, 27, 48, 2, 40, 13, 16, 20, 32]
[9, 24, 28, 30, 7, 12, 4, 42, 8, 36, 38, 18, 1, 6]
[42, 24, 11, 32, 22, 8, 1, 0, 13, 48, 31, 40, 39, 16]
[34, 24, 15, 18, 1, 36, 31, 30, 43, 6, 32, 42, 5, 12]
[43, 24, 23, 16, 36, 8, 44, 48, 14, 40, 18, 32, 30, 0]
[15, 24, 6, 48, 13, 8, 29, 0, 19, 16, 10, 32, 14, 40]
[33, 24, 19, 26, 10, 25, 20, 23, 41, 27, 45, 22, 46, 21]
[1, 24, 29, 22, 17, 26, 46, 25, 5, 23, 7, 21, 39, 27]
[43, 24, 48, 42, 4, 6, 26, 36, 13, 12, 29, 30, 3, 18]
[29, 24, 6, 0, 38, 40, 9, 8, 17, 16, 48, 27, 15, 23, 42, 21, 45, 26, 44, 22, 34, 25]
